id,winner,ai_turn_1,ai_turn_2,ai_turn_3,ai_turn_4,ai_turn_5,ai_turn_6,ai_turn_7,ai_turn_8,ai_turn_9,ai_turn_10,ai_turn_11,ai_turn_12,ai_turn_13,ai_turn_14,ai_turn_15,ai_turn_16,ai_turn_17,ai_turn_18,ai_turn_19,ai_turn_20,ai_turn_21,ai_turn_22,ai_turn_23,ai_turn_24,ai_turn_25,ai_turn_26,ai_turn_27,ai_turn_28,ai_turn_29,ai_turn_30,ai_turn_31,ai_turn_32,ai_turn_33,ai_turn_34,ai_turn_35,ai_turn_36,ai_turn_37,ai_turn_38,ai_turn_39,ai_turn_40,ai_turn_41,ai_turn_42
1,1,3,0,4,0,2,1,5,,,,,,,,,,,,,,,,,,,,,,,,,,,,,,,,,,,
2,1,3,6,2,6,4,5,1,,,,,,,,,,,,,,,,,,,,,,,,,,,,,,,,,,,
3,1,3,1,4,0,5,2,6,,,,,,,,,,,,,,,,,,,,,,,,,,,,,,,,,,,
4,1,3,5,2,6,1,4,0,,,,,,,,,,,,,,,,,,,,,,,,,,,,,,,,,,,
5,1,3,2,2,0,0,0,3,0,3,3,2,0,0,1,1,,,,,,,,,,,,,,,,,,,,,,,,,,,
6,1,3,4,4,6,6,6,3,6,3,3,4,6,6,5,5,,,,,,,,,,,,,,,,,,,,,,,,,,,
7,0,1,4,0,5,0,3,2,6,,,,,,,,,,,,,,,,,,,,,,,,,,,,,,,,,,
8,0,5,2,6,1,6,3,4,0,,,,,,,,,,,,,,,,,,,,,,,,,,,,,,,,,,
9,1,2,0,3,0,4,1,5,,,,,,,,,,,,,,,,,,,,,,,,,,,,,,,,,,,
10,1,4,6,3,6,2,5,1,,,,,,,,,,,,,,,,,,,,,,,,,,,,,,,,,,,
11,1,2,1,5,0,2,0,5,0,0,0,3,4,4,3,3,0,5,5,2,2,4,,,,,,,,,,,,,,,,,,,,,
12,1,4,5,1,6,4,6,1,6,6,6,3,2,2,3,3,6,1,1,4,4,2,,,,,,,,,,,,,,,,,,,,,
13,1,3,3,4,0,5,2,6,,,,,,,,,,,,,,,,,,,,,,,,,,,,,,,,,,,
14,1,3,3,2,6,1,4,0,,,,,,,,,,,,,,,,,,,,,,,,,,,,,,,,,,,
15,1,6,0,5,0,4,3,4,0,0,0,3,0,2,1,2,1,5,,,,,,,,,,,,,,,,,,,,,,,,,
16,1,0,6,1,6,2,3,2,6,6,6,3,6,4,5,4,5,1,,,,,,,,,,,,,,,,,,,,,,,,,
17,1,3,6,2,0,4,1,5,,,,,,,,,,,,,,,,,,,,,,,,,,,,,,,,,,,
18,1,3,0,4,6,2,5,1,,,,,,,,,,,,,,,,,,,,,,,,,,,,,,,,,,,
19,1,4,0,3,0,2,1,5,,,,,,,,,,,,,,,,,,,,,,,,,,,,,,,,,,,
20,1,2,6,3,6,4,5,1,,,,,,,,,,,,,,,,,,,,,,,,,,,,,,,,,,,
21,1,5,2,4,1,3,2,6,,,,,,,,,,,,,,,,,,,,,,,,,,,,,,,,,,,
22,1,1,4,2,5,3,4,0,,,,,,,,,,,,,,,,,,,,,,,,,,,,,,,,,,,
23,0,3,3,0,4,5,4,4,2,1,2,1,5,,,,,,,,,,,,,,,,,,,,,,,,,,,,,,
24,0,3,3,6,2,1,2,2,4,5,4,5,1,,,,,,,,,,,,,,,,,,,,,,,,,,,,,,
25,0,5,3,0,2,0,0,0,3,0,4,1,2,0,4,1,5,,,,,,,,,,,,,,,,,,,,,,,,,,
26,0,1,3,6,4,6,6,6,3,6,2,5,4,6,2,5,1,,,,,,,,,,,,,,,,,,,,,,,,,,
27,1,3,3,2,0,4,1,5,,,,,,,,,,,,,,,,,,,,,,,,,,,,,,,,,,,
28,1,3,3,4,6,2,5,1,,,,,,,,,,,,,,,,,,,,,,,,,,,,,,,,,,,
29,1,2,2,3,0,4,1,5,,,,,,,,,,,,,,,,,,,,,,,,,,,,,,,,,,,
30,1,4,4,3,6,2,5,1,,,,,,,,,,,,,,,,,,,,,,,,,,,,,,,,,,,
32,1,4,1,5,0,3,2,6,,,,,,,,,,,,,,,,,,,,,,,,,,,,,,,,,,,
33,1,2,5,1,6,3,4,0,,,,,,,,,,,,,,,,,,,,,,,,,,,,,,,,,,,
35,1,4,2,2,0,4,0,4,4,3,0,0,0,3,0,2,1,1,,,,,,,,,,,,,,,,,,,,,,,,,
36,1,2,4,4,6,2,6,2,2,3,6,6,6,3,6,4,5,5,,,,,,,,,,,,,,,,,,,,,,,,,
37,1,3,3,2,1,4,5,2,0,1,0,1,0,0,,,,,,,,,,,,,,,,,,,,,,,,,,,,,
38,1,3,3,4,5,2,1,4,6,5,6,5,6,6,,,,,,,,,,,,,,,,,,,,,,,,,,,,,
39,1,3,3,2,2,4,1,5,,,,,,,,,,,,,,,,,,,,,,,,,,,,,,,,,,,
40,1,3,3,4,4,2,5,1,,,,,,,,,,,,,,,,,,,,,,,,,,,,,,,,,,,
41,1,3,3,2,3,4,1,5,,,,,,,,,,,,,,,,,,,,,,,,,,,,,,,,,,,
42,1,3,3,4,3,2,5,1,,,,,,,,,,,,,,,,,,,,,,,,,,,,,,,,,,,
43,1,3,3,2,4,2,0,3,0,1,0,0,0,2,2,3,0,2,1,1,,,,,,,,,,,,,,,,,,,,,,,
44,1,3,3,4,2,4,6,3,6,5,6,6,6,4,4,3,6,4,5,5,,,,,,,,,,,,,,,,,,,,,,,
45,1,3,3,4,1,5,2,6,,,,,,,,,,,,,,,,,,,,,,,,,,,,,,,,,,,
46,1,3,3,2,5,1,4,0,,,,,,,,,,,,,,,,,,,,,,,,,,,,,,,,,,,
47,1,3,3,4,3,5,2,6,,,,,,,,,,,,,,,,,,,,,,,,,,,,,,,,,,,
48,1,3,3,2,3,1,4,0,,,,,,,,,,,,,,,,,,,,,,,,,,,,,,,,,,,
49,1,3,3,4,2,4,0,3,0,5,6,0,0,2,0,1,0,2,2,2,1,1,,,,,,,,,,,,,,,,,,,,,
50,1,3,3,2,4,2,6,3,6,1,0,6,6,4,6,5,6,4,4,4,5,5,,,,,,,,,,,,,,,,,,,,,
51,1,3,3,4,2,4,1,4,4,3,0,5,6,6,0,6,0,0,0,6,6,0,1,2,1,1,1,3,1,4,2,2,,,,,,,,,,,
52,1,3,3,2,4,2,5,2,2,3,6,1,0,0,6,0,6,6,6,0,0,6,5,4,5,5,5,3,5,2,4,4,,,,,,,,,,,
58,0,3,3,4,5,4,2,3,0,1,2,1,3,2,6,0,1,5,5,2,5,2,4,,,,,,,,,,,,,,,,,,,,
59,0,3,3,2,1,2,4,3,6,5,4,5,3,4,0,6,5,1,1,4,1,4,2,,,,,,,,,,,,,,,,,,,,
60,0,6,3,4,4,1,5,3,3,1,1,5,4,0,2,2,2,,,,,,,,,,,,,,,,,,,,,,,,,,
61,0,0,3,2,2,5,1,3,3,5,5,1,2,6,4,4,4,,,,,,,,,,,,,,,,,,,,,,,,,,
62,0,2,4,4,3,4,5,6,5,1,3,5,3,3,2,2,4,2,1,0,0,,,,,,,,,,,,,,,,,,,,,,
63,0,4,2,2,3,2,1,0,1,5,3,1,3,3,4,4,2,4,5,6,6,,,,,,,,,,,,,,,,,,,,,,
64,0,0,3,0,1,1,0,1,0,3,0,0,4,3,2,,,,,,,,,,,,,,,,,,,,,,,,,,,,
65,0,6,3,6,5,5,6,5,6,3,6,6,2,3,4,,,,,,,,,,,,,,,,,,,,,,,,,,,,
66,1,4,2,2,3,2,1,0,1,3,0,0,4,3,1,1,,,,,,,,,,,,,,,,,,,,,,,,,,,
67,1,2,4,4,3,4,5,6,5,3,6,6,2,3,5,5,,,,,,,,,,,,,,,,,,,,,,,,,,,
68,0,4,1,5,2,0,2,6,3,4,4,2,4,6,5,5,5,3,3,,,,,,,,,,,,,,,,,,,,,,,,
69,0,2,5,1,4,6,4,0,3,2,2,4,2,0,1,1,1,3,3,,,,,,,,,,,,,,,,,,,,,,,,
70,1,4,1,5,2,3,6,2,6,3,5,2,0,4,1,3,2,3,,,,,,,,,,,,,,,,,,,,,,,,,
71,1,2,5,1,4,3,0,4,0,3,1,4,6,2,5,3,4,3,,,,,,,,,,,,,,,,,,,,,,,,,
72,0,4,1,5,2,2,0,1,3,,,,,,,,,,,,,,,,,,,,,,,,,,,,,,,,,,
73,0,2,5,1,4,4,6,5,3,,,,,,,,,,,,,,,,,,,,,,,,,,,,,,,,,,
74,1,4,1,3,0,5,2,6,,,,,,,,,,,,,,,,,,,,,,,,,,,,,,,,,,,
75,1,2,5,3,6,1,4,0,,,,,,,,,,,,,,,,,,,,,,,,,,,,,,,,,,,
76,1,4,1,5,2,4,3,0,3,3,1,4,4,1,6,2,2,2,,,,,,,,,,,,,,,,,,,,,,,,,
77,1,2,5,1,4,2,3,6,3,3,5,2,2,5,0,4,4,4,,,,,,,,,,,,,,,,,,,,,,,,,
78,0,2,5,1,4,2,0,4,5,1,5,5,6,4,3,,,,,,,,,,,,,,,,,,,,,,,,,,,,
79,0,4,1,5,2,4,6,2,1,5,1,1,0,2,3,,,,,,,,,,,,,,,,,,,,,,,,,,,,
80,1,3,3,2,1,2,4,0,6,2,2,1,5,1,4,3,3,4,,,,,,,,,,,,,,,,,,,,,,,,,
81,1,3,3,4,5,4,2,6,0,4,4,5,1,5,2,3,3,2,,,,,,,,,,,,,,,,,,,,,,,,,
83,1,3,3,0,4,4,3,0,3,3,0,0,2,2,3,2,0,2,2,1,2,5,0,5,1,1,,,,,,,,,,,,,,,,,
84,1,3,3,6,2,2,3,6,3,3,6,6,4,4,3,4,6,4,4,5,4,1,6,1,5,5,,,,,,,,,,,,,,,,,
85,1,2,5,1,4,4,6,3,3,3,2,0,,,,,,,,,,,,,,,,,,,,,,,,,,,,,,,
86,1,4,1,5,2,2,0,3,3,3,4,6,,,,,,,,,,,,,,,,,,,,,,,,,,,,,,,
87,0,1,3,5,5,3,4,2,3,2,2,0,0,4,1,4,4,3,3,1,6,0,0,3,0,1,1,1,5,0,6,,,,,,,,,,,,
88,0,5,3,1,1,3,2,4,3,4,4,6,6,2,5,2,2,3,3,5,0,6,6,3,6,5,5,5,1,6,0,,,,,,,,,,,,
92,1,3,3,2,1,4,5,4,2,3,4,2,5,3,2,1,3,0,,,,,,,,,,,,,,,,,,,,,,,,,
93,1,3,3,4,5,2,1,2,4,3,2,4,1,3,4,5,3,6,,,,,,,,,,,,,,,,,,,,,,,,,
95,1,3,3,2,1,2,4,0,0,2,2,1,3,1,3,3,2,4,5,4,2,4,4,6,3,6,5,5,,,,,,,,,,,,,,,
96,1,3,3,4,5,4,2,6,6,4,4,5,3,5,3,3,4,2,1,2,4,2,2,0,3,0,1,1,,,,,,,,,,,,,,,
112,1,4,1,3,1,5,2,6,,,,,,,,,,,,,,,,,,,,,,,,,,,,,,,,,,,
113,1,2,5,3,5,1,4,0,,,,,,,,,,,,,,,,,,,,,,,,,,,,,,,,,,,
250,1,3,3,4,5,4,2,2,5,3,1,2,3,4,4,5,,,,,,,,,,,,,,,,,,,,,,,,,,,
251,1,3,3,2,1,2,4,4,1,3,5,4,3,2,2,1,,,,,,,,,,,,,,,,,,,,,,,,,,,
253,0,2,5,3,0,3,0,2,4,3,3,2,2,1,3,1,1,,,,,,,,,,,,,,,,,,,,,,,,,,
254,0,4,1,3,6,3,6,4,2,3,3,4,4,5,3,5,5,,,,,,,,,,,,,,,,,,,,,,,,,,
255,0,4,1,3,6,2,5,3,5,2,2,0,1,1,5,5,2,3,3,5,2,2,5,4,4,,,,,,,,,,,,,,,,,,
256,0,2,5,3,0,4,1,3,1,4,4,6,5,5,1,1,4,3,3,1,4,4,1,2,2,,,,,,,,,,,,,,,,,,
343,1,3,3,4,5,2,1,2,0,4,0,3,5,4,4,1,0,0,1,2,2,5,,,,,,,,,,,,,,,,,,,,,
344,1,3,3,2,1,4,5,4,6,2,6,3,1,2,2,5,6,6,5,4,4,1,,,,,,,,,,,,,,,,,,,,,
345,1,6,3,2,2,3,6,4,0,2,2,3,0,0,0,0,2,1,1,1,,,,,,,,,,,,,,,,,,,,,,,
346,1,0,3,4,4,3,0,2,6,4,4,3,6,6,6,6,4,5,5,5,,,,,,,,,,,,,,,,,,,,,,,
347,1,1,3,3,1,3,0,3,3,4,4,4,2,2,4,2,1,1,,,,,,,,,,,,,,,,,,,,,,,,,
348,1,5,3,3,5,3,6,3,3,2,2,2,4,4,2,4,5,5,,,,,,,,,,,,,,,,,,,,,,,,,
349,1,6,3,5,4,5,1,2,5,4,5,3,2,6,,,,,,,,,,,,,,,,,,,,,,,,,,,,,
350,1,0,3,1,2,1,5,4,1,2,1,3,4,0,,,,,,,,,,,,,,,,,,,,,,,,,,,,,
351,1,3,3,2,1,2,4,4,0,3,0,5,3,4,0,0,0,5,3,5,2,5,,,,,,,,,,,,,,,,,,,,,
352,1,3,3,4,5,4,2,2,6,3,6,1,3,2,6,6,6,1,3,1,4,1,,,,,,,,,,,,,,,,,,,,,
353,0,3,1,4,3,4,4,4,2,2,3,0,2,5,6,0,1,1,4,3,2,0,0,0,1,0,1,1,2,2,3,,,,,,,,,,,,
354,0,3,5,2,3,2,2,2,4,4,3,6,4,1,0,6,5,5,2,3,4,6,6,6,5,6,5,5,4,4,3,,,,,,,,,,,,
355,0,1,5,6,4,2,4,1,3,2,2,5,2,6,4,4,2,2,5,5,1,6,6,,,,,,,,,,,,,,,,,,,,
356,0,5,1,0,2,4,2,5,3,4,4,1,4,0,2,2,4,4,1,1,5,0,0,,,,,,,,,,,,,,,,,,,,
357,0,3,4,4,3,6,2,3,4,3,1,3,3,1,1,5,1,2,2,,,,,,,,,,,,,,,,,,,,,,,,
358,0,3,2,2,3,0,4,3,2,3,5,3,3,5,5,1,5,4,4,,,,,,,,,,,,,,,,,,,,,,,,
359,1,4,3,2,3,6,3,3,2,5,4,5,1,4,,,,,,,,,,,,,,,,,,,,,,,,,,,,,
360,1,2,3,4,3,0,3,3,4,1,2,1,5,2,,,,,,,,,,,,,,,,,,,,,,,,,,,,,
361,1,3,1,4,3,5,2,6,,,,,,,,,,,,,,,,,,,,,,,,,,,,,,,,,,,
362,1,3,5,2,3,1,4,0,,,,,,,,,,,,,,,,,,,,,,,,,,,,,,,,,,,
363,1,3,3,2,4,2,2,0,4,1,,,,,,,,,,,,,,,,,,,,,,,,,,,,,,,,,
364,1,3,3,4,2,4,4,6,2,5,,,,,,,,,,,,,,,,,,,,,,,,,,,,,,,,,
365,1,3,3,2,4,2,2,0,1,0,0,5,3,0,1,1,,,,,,,,,,,,,,,,,,,,,,,,,,,
366,1,3,3,4,2,4,4,6,5,6,6,1,3,6,5,5,,,,,,,,,,,,,,,,,,,,,,,,,,,
367,1,6,3,2,2,3,1,4,3,2,2,3,4,5,5,5,3,2,0,2,3,0,5,1,1,1,,,,,,,,,,,,,,,,,
368,1,0,3,4,4,3,5,2,3,4,4,3,2,1,1,1,3,4,6,4,3,6,1,5,5,5,,,,,,,,,,,,,,,,,
369,1,2,2,3,1,3,5,2,6,4,2,0,0,1,2,1,1,0,3,3,,,,,,,,,,,,,,,,,,,,,,,
370,1,4,4,3,5,3,1,4,0,2,4,6,6,5,4,5,5,6,3,3,,,,,,,,,,,,,,,,,,,,,,,
371,0,3,2,2,3,1,4,2,4,0,5,2,2,5,4,4,3,5,5,,,,,,,,,,,,,,,,,,,,,,,,
372,0,3,4,4,3,5,2,4,2,6,1,4,4,1,2,2,3,1,1,,,,,,,,,,,,,,,,,,,,,,,,
376,1,2,5,3,0,2,3,3,3,1,4,1,5,1,1,2,2,4,4,4,,,,,,,,,,,,,,,,,,,,,,,
377,1,4,1,3,6,4,3,3,3,5,2,5,1,5,5,4,4,2,2,2,,,,,,,,,,,,,,,,,,,,,,,
379,1,3,2,3,0,2,1,1,6,1,1,2,1,3,4,3,,,,,,,,,,,,,,,,,,,,,,,,,,,
380,1,3,4,3,6,4,5,5,0,5,5,4,5,3,2,3,,,,,,,,,,,,,,,,,,,,,,,,,,,
381,0,4,1,5,2,2,0,2,3,,,,,,,,,,,,,,,,,,,,,,,,,,,,,,,,,,
382,0,2,5,1,4,4,6,4,3,,,,,,,,,,,,,,,,,,,,,,,,,,,,,,,,,,
383,1,5,3,3,0,3,4,2,5,4,5,2,0,4,5,5,4,3,3,4,5,2,2,1,1,1,,,,,,,,,,,,,,,,,
384,1,1,3,3,6,3,2,4,1,2,1,4,6,2,1,1,2,3,3,2,1,4,4,5,5,5,,,,,,,,,,,,,,,,,
385,1,2,5,3,0,2,0,0,3,0,1,2,2,3,6,3,2,4,4,4,0,4,1,1,,,,,,,,,,,,,,,,,,,
386,1,4,1,3,6,4,6,6,3,6,5,4,4,3,0,3,4,2,2,2,6,2,5,5,,,,,,,,,,,,,,,,,,,
387,1,0,3,1,0,1,2,2,4,5,2,3,4,3,6,5,0,3,3,1,1,2,4,4,,,,,,,,,,,,,,,,,,,
388,1,6,3,5,6,5,4,4,2,1,4,3,2,3,0,1,6,3,3,5,5,4,2,2,,,,,,,,,,,,,,,,,,,
389,1,4,1,3,6,3,6,3,3,4,0,5,2,2,1,5,,,,,,,,,,,,,,,,,,,,,,,,,,,
390,1,2,5,3,0,3,0,3,3,2,6,1,4,4,5,1,,,,,,,,,,,,,,,,,,,,,,,,,,,
391,1,2,5,3,0,3,0,4,1,4,3,2,1,5,,,,,,,,,,,,,,,,,,,,,,,,,,,,,
392,1,4,1,3,6,3,6,2,5,2,3,4,5,1,,,,,,,,,,,,,,,,,,,,,,,,,,,,,
393,1,2,5,3,0,3,0,2,4,4,5,4,1,3,1,2,1,5,,,,,,,,,,,,,,,,,,,,,,,,,
394,1,4,1,3,6,3,6,4,2,2,1,2,5,3,5,4,5,1,,,,,,,,,,,,,,,,,,,,,,,,,
395,1,2,5,3,0,3,0,2,4,3,3,1,3,4,1,5,,,,,,,,,,,,,,,,,,,,,,,,,,,
396,1,4,1,3,6,3,6,4,2,3,3,5,3,2,5,1,,,,,,,,,,,,,,,,,,,,,,,,,,,
397,1,3,2,3,1,3,3,2,0,4,5,4,1,5,,,,,,,,,,,,,,,,,,,,,,,,,,,,,
398,1,3,4,3,5,3,3,4,6,2,1,2,5,1,,,,,,,,,,,,,,,,,,,,,,,,,,,,,
399,0,2,5,3,0,2,1,4,4,4,5,3,3,2,2,,,,,,,,,,,,,,,,,,,,,,,,,,,,
400,0,4,1,3,6,4,5,2,2,2,1,3,3,4,4,,,,,,,,,,,,,,,,,,,,,,,,,,,,
401,1,3,2,3,2,2,6,4,2,3,3,4,0,4,4,1,3,1,1,1,,,,,,,,,,,,,,,,,,,,,,,
402,1,3,4,3,4,4,0,2,4,3,3,2,6,2,2,5,3,5,5,5,,,,,,,,,,,,,,,,,,,,,,,
403,1,4,1,3,6,3,3,4,6,4,4,1,2,2,,,,,,,,,,,,,,,,,,,,,,,,,,,,,
404,1,2,5,3,0,3,3,2,0,2,2,5,4,4,,,,,,,,,,,,,,,,,,,,,,,,,,,,,
405,0,6,3,5,0,5,2,3,1,,,,,,,,,,,,,,,,,,,,,,,,,,,,,,,,,,
406,0,0,3,1,6,1,4,3,5,,,,,,,,,,,,,,,,,,,,,,,,,,,,,,,,,,
407,1,4,1,3,6,4,5,3,2,3,3,2,1,5,,,,,,,,,,,,,,,,,,,,,,,,,,,,,
408,1,2,5,3,0,2,1,3,4,3,3,4,5,1,,,,,,,,,,,,,,,,,,,,,,,,,,,,,
410,0,3,2,2,3,3,2,1,4,4,6,2,5,5,3,5,2,6,0,6,1,,,,,,,,,,,,,,,,,,,,,,
411,0,3,4,4,3,3,4,5,2,2,0,4,1,1,3,1,4,0,6,0,5,,,,,,,,,,,,,,,,,,,,,,
412,1,3,2,4,2,2,6,3,5,4,5,5,0,4,3,4,,,,,,,,,,,,,,,,,,,,,,,,,,,
413,1,3,4,2,4,4,0,3,1,2,1,1,6,2,3,2,,,,,,,,,,,,,,,,,,,,,,,,,,,
414,1,2,5,3,0,3,0,2,4,4,5,4,0,0,3,1,1,1,,,,,,,,,,,,,,,,,,,,,,,,,
415,1,4,1,3,6,3,6,4,2,2,1,2,6,6,3,5,5,5,,,,,,,,,,,,,,,,,,,,,,,,,
416,1,1,3,3,0,3,3,1,0,0,4,4,6,5,4,5,6,1,1,2,2,2,,,,,,,,,,,,,,,,,,,,,
417,1,5,3,3,6,3,3,5,6,6,2,2,0,1,2,1,0,5,5,4,4,4,,,,,,,,,,,,,,,,,,,,,
418,0,4,1,5,2,4,6,2,1,1,4,2,0,3,5,3,1,3,3,,,,,,,,,,,,,,,,,,,,,,,,
419,0,2,5,1,4,2,0,4,5,5,2,4,6,3,1,3,5,3,3,,,,,,,,,,,,,,,,,,,,,,,,
420,1,6,3,6,5,5,6,4,5,4,3,3,2,4,3,4,,,,,,,,,,,,,,,,,,,,,,,,,,,
421,1,0,3,0,1,1,0,2,1,2,3,3,4,2,3,2,,,,,,,,,,,,,,,,,,,,,,,,,,,
629,1,4,1,3,6,4,5,5,3,3,2,2,0,2,2,4,4,5,,,,,,,,,,,,,,,,,,,,,,,,,
630,1,2,5,3,0,2,1,1,3,3,4,4,6,4,4,2,2,1,,,,,,,,,,,,,,,,,,,,,,,,,
631,1,2,5,3,0,3,1,2,6,4,5,1,5,4,,,,,,,,,,,,,,,,,,,,,,,,,,,,,
632,1,4,1,3,6,3,5,4,0,2,1,5,1,2,,,,,,,,,,,,,,,,,,,,,,,,,,,,,
633,1,2,5,3,0,2,1,1,0,1,2,3,4,4,,,,,,,,,,,,,,,,,,,,,,,,,,,,,
634,1,4,1,3,6,4,5,5,6,5,4,3,2,2,,,,,,,,,,,,,,,,,,,,,,,,,,,,,
635,1,1,5,2,4,1,5,2,5,5,4,4,0,2,2,1,1,3,3,3,,,,,,,,,,,,,,,,,,,,,,,
636,1,5,1,4,2,5,1,4,1,1,2,2,6,4,4,5,5,3,3,3,,,,,,,,,,,,,,,,,,,,,,,
637,1,2,5,3,0,4,1,4,4,3,6,2,1,5,,,,,,,,,,,,,,,,,,,,,,,,,,,,,
638,1,4,1,3,6,2,5,2,2,3,0,4,5,1,,,,,,,,,,,,,,,,,,,,,,,,,,,,,
639,1,3,2,2,3,2,1,1,2,0,6,1,6,0,2,0,3,3,,,,,,,,,,,,,,,,,,,,,,,,,
640,1,3,4,4,3,4,5,5,4,6,0,5,0,6,4,6,3,3,,,,,,,,,,,,,,,,,,,,,,,,,
641,1,5,3,3,1,1,0,2,4,4,2,3,4,3,3,4,3,4,2,2,,,,,,,,,,,,,,,,,,,,,,,
642,1,1,3,3,5,5,6,4,2,2,4,3,2,3,3,2,3,2,4,4,,,,,,,,,,,,,,,,,,,,,,,
643,0,1,3,3,2,2,4,3,5,,,,,,,,,,,,,,,,,,,,,,,,,,,,,,,,,,
644,0,5,3,3,4,4,2,3,1,,,,,,,,,,,,,,,,,,,,,,,,,,,,,,,,,,
645,1,4,1,3,6,4,5,3,0,2,2,3,3,5,6,4,4,5,2,6,,,,,,,,,,,,,,,,,,,,,,,
646,1,2,5,3,0,2,1,3,6,4,4,3,3,1,0,2,2,1,4,0,,,,,,,,,,,,,,,,,,,,,,,
647,1,2,5,3,0,3,2,3,3,2,4,4,1,4,0,5,5,5,,,,,,,,,,,,,,,,,,,,,,,,,
648,1,4,1,3,6,3,4,3,3,4,2,2,5,2,6,1,1,1,,,,,,,,,,,,,,,,,,,,,,,,,
649,1,2,5,3,0,2,1,3,0,2,2,3,3,0,0,0,0,1,1,1,,,,,,,,,,,,,,,,,,,,,,,
650,1,4,1,3,6,4,5,3,6,4,4,3,3,6,6,6,6,5,5,5,,,,,,,,,,,,,,,,,,,,,,,
651,1,4,1,3,6,4,0,4,4,3,0,2,5,2,1,5,,,,,,,,,,,,,,,,,,,,,,,,,,,
652,1,2,5,3,0,2,6,2,2,3,6,4,1,4,5,1,,,,,,,,,,,,,,,,,,,,,,,,,,,
653,1,3,2,4,0,3,6,2,6,4,2,3,3,2,5,5,,,,,,,,,,,,,,,,,,,,,,,,,,,
654,1,3,4,2,6,3,0,4,0,2,4,3,3,4,1,1,,,,,,,,,,,,,,,,,,,,,,,,,,,
655,1,3,2,3,3,4,1,2,1,2,3,4,1,1,,,,,,,,,,,,,,,,,,,,,,,,,,,,,
656,1,3,4,3,3,2,5,4,5,4,3,2,5,5,,,,,,,,,,,,,,,,,,,,,,,,,,,,,
657,1,5,3,4,5,4,6,3,5,3,5,5,5,2,2,3,3,6,3,6,1,6,6,6,1,1,1,2,2,4,,,,,,,,,,,,,
658,1,1,3,2,1,2,0,3,1,3,1,1,1,4,4,3,3,0,3,0,5,0,0,0,5,5,5,4,4,2,,,,,,,,,,,,,
659,1,2,5,3,0,3,4,4,2,4,2,3,3,5,4,5,5,2,2,6,6,6,,,,,,,,,,,,,,,,,,,,,
660,1,4,1,3,6,3,2,2,4,2,4,3,3,1,2,1,1,4,4,0,0,0,,,,,,,,,,,,,,,,,,,,,
661,1,3,2,3,4,2,2,4,1,1,,,,,,,,,,,,,,,,,,,,,,,,,,,,,,,,,
662,1,3,4,3,2,4,4,2,5,5,,,,,,,,,,,,,,,,,,,,,,,,,,,,,,,,,
665,1,2,5,3,0,2,2,3,0,4,1,4,1,5,,,,,,,,,,,,,,,,,,,,,,,,,,,,,
666,1,4,1,3,6,4,4,3,6,2,5,2,5,1,,,,,,,,,,,,,,,,,,,,,,,,,,,,,
667,1,2,5,3,0,4,1,3,1,4,4,3,3,4,0,5,2,2,3,2,5,1,3,1,,,,,,,,,,,,,,,,,,,
668,1,4,1,3,6,2,5,3,5,2,2,3,3,2,6,1,4,4,3,4,1,5,3,5,,,,,,,,,,,,,,,,,,,
670,1,6,3,6,5,6,6,5,6,3,6,3,4,4,,,,,,,,,,,,,,,,,,,,,,,,,,,,,
671,1,0,3,0,1,0,0,1,0,3,0,3,2,2,,,,,,,,,,,,,,,,,,,,,,,,,,,,,
672,1,6,3,6,5,5,6,3,4,4,,,,,,,,,,,,,,,,,,,,,,,,,,,,,,,,,
673,1,0,3,0,1,1,0,3,2,2,,,,,,,,,,,,,,,,,,,,,,,,,,,,,,,,,
674,1,6,3,6,5,5,6,3,0,4,4,4,4,3,3,2,1,2,1,2,1,5,,,,,,,,,,,,,,,,,,,,,
675,1,0,3,0,1,1,0,3,6,2,2,2,2,3,3,4,5,4,5,4,5,1,,,,,,,,,,,,,,,,,,,,,
676,0,6,3,6,6,5,2,5,4,4,1,,,,,,,,,,,,,,,,,,,,,,,,,,,,,,,,
677,0,0,3,0,0,1,4,1,2,2,5,,,,,,,,,,,,,,,,,,,,,,,,,,,,,,,,
678,1,2,5,3,0,2,4,0,1,4,6,3,1,5,,,,,,,,,,,,,,,,,,,,,,,,,,,,,
679,1,4,1,3,6,4,2,6,5,2,0,3,5,1,,,,,,,,,,,,,,,,,,,,,,,,,,,,,
680,1,2,5,2,4,4,1,3,1,3,5,1,3,2,2,4,6,5,5,6,4,3,3,2,5,1,4,3,1,0,1,4,5,2,0,0,,,,,,,
681,1,4,1,4,2,2,5,3,5,3,1,5,3,4,4,2,0,1,1,0,2,3,3,4,1,5,2,3,5,6,5,2,1,4,6,6,,,,,,,
683,1,3,2,2,3,5,1,4,6,4,5,3,0,6,2,5,2,4,4,6,,,,,,,,,,,,,,,,,,,,,,,
684,1,3,4,4,3,1,5,2,0,2,1,3,6,0,4,1,4,2,2,0,,,,,,,,,,,,,,,,,,,,,,,
685,1,2,5,1,4,4,6,3,0,3,3,2,1,5,,,,,,,,,,,,,,,,,,,,,,,,,,,,,
686,1,4,1,5,2,2,0,3,6,3,3,4,5,1,,,,,,,,,,,,,,,,,,,,,,,,,,,,,
687,1,2,5,2,0,3,4,3,3,1,2,1,5,4,,,,,,,,,,,,,,,,,,,,,,,,,,,,,
688,1,4,1,4,6,3,2,3,3,5,4,5,1,2,,,,,,,,,,,,,,,,,,,,,,,,,,,,,
689,1,2,5,2,1,1,0,3,3,1,6,3,1,2,2,0,0,0,,,,,,,,,,,,,,,,,,,,,,,,,
690,1,4,1,4,5,5,6,3,3,5,0,3,5,4,4,6,6,6,,,,,,,,,,,,,,,,,,,,,,,,,
691,0,2,5,1,4,2,0,1,4,2,2,4,4,4,4,1,1,3,5,3,3,,,,,,,,,,,,,,,,,,,,,,
692,0,4,1,5,2,4,6,5,2,4,4,2,2,2,2,5,5,3,1,3,3,,,,,,,,,,,,,,,,,,,,,,
695,0,4,1,3,6,4,1,3,4,3,3,5,5,,,,,,,,,,,,,,,,,,,,,,,,,,,,,,
696,0,2,5,3,0,2,5,3,2,3,3,1,1,,,,,,,,,,,,,,,,,,,,,,,,,,,,,,
697,1,2,5,2,2,3,0,3,6,5,3,5,4,4,,,,,,,,,,,,,,,,,,,,,,,,,,,,,
698,1,4,1,4,4,3,6,3,0,1,3,1,2,2,,,,,,,,,,,,,,,,,,,,,,,,,,,,,
700,0,1,3,2,0,2,1,3,1,1,2,3,3,,,,,,,,,,,,,,,,,,,,,,,,,,,,,,
701,0,5,3,4,6,4,5,3,5,5,4,3,3,,,,,,,,,,,,,,,,,,,,,,,,,,,,,,
702,1,1,3,3,2,2,4,5,2,4,1,5,,,,,,,,,,,,,,,,,,,,,,,,,,,,,,,
703,1,5,3,3,4,4,2,1,4,2,5,1,,,,,,,,,,,,,,,,,,,,,,,,,,,,,,,
704,1,2,5,3,0,2,5,1,4,3,3,1,1,4,,,,,,,,,,,,,,,,,,,,,,,,,,,,,
705,1,4,1,3,6,4,1,5,2,3,3,5,5,2,,,,,,,,,,,,,,,,,,,,,,,,,,,,,
706,1,1,3,3,2,4,0,2,2,1,1,4,,,,,,,,,,,,,,,,,,,,,,,,,,,,,,,
707,1,5,3,3,4,2,6,4,4,5,5,2,,,,,,,,,,,,,,,,,,,,,,,,,,,,,,,
708,1,2,5,3,0,2,5,3,2,1,4,1,1,0,,,,,,,,,,,,,,,,,,,,,,,,,,,,,
709,1,4,1,3,6,4,1,3,4,5,2,5,5,6,,,,,,,,,,,,,,,,,,,,,,,,,,,,,
710,1,1,3,2,0,2,1,2,2,4,1,1,3,3,5,4,4,4,,,,,,,,,,,,,,,,,,,,,,,,,
711,1,5,3,4,6,4,5,4,4,2,5,5,3,3,1,2,2,2,,,,,,,,,,,,,,,,,,,,,,,,,
712,1,2,5,3,0,2,5,3,2,5,1,5,5,1,3,4,0,4,,,,,,,,,,,,,,,,,,,,,,,,,
713,1,4,1,3,6,4,1,3,4,1,5,1,1,5,3,2,6,2,,,,,,,,,,,,,,,,,,,,,,,,,
714,0,6,2,1,3,1,1,0,2,5,2,2,2,4,1,6,3,1,0,0,0,,,,,,,,,,,,,,,,,,,,,,
715,0,0,4,5,3,5,5,6,4,1,4,4,4,2,5,0,3,5,6,6,6,,,,,,,,,,,,,,,,,,,,,,
717,0,4,1,3,6,2,5,2,2,3,1,4,5,4,4,6,4,6,2,3,3,,,,,,,,,,,,,,,,,,,,,,
718,0,2,5,3,0,4,1,4,4,3,5,2,1,2,2,0,2,0,4,3,3,,,,,,,,,,,,,,,,,,,,,,
721,1,2,5,3,0,3,5,5,3,5,2,4,1,1,2,3,1,2,0,0,2,1,2,0,,,,,,,,,,,,,,,,,,,
722,1,4,1,3,6,3,1,1,3,1,4,2,5,5,4,3,5,4,6,6,4,5,4,6,,,,,,,,,,,,,,,,,,,
723,1,4,1,3,6,4,1,3,4,3,3,2,5,5,2,6,,,,,,,,,,,,,,,,,,,,,,,,,,,
724,1,2,5,3,0,2,5,3,2,3,3,4,1,1,4,0,,,,,,,,,,,,,,,,,,,,,,,,,,,
725,1,1,3,0,3,3,2,2,0,1,4,5,5,4,4,2,2,3,,,,,,,,,,,,,,,,,,,,,,,,,
726,1,5,3,6,3,3,4,4,6,5,2,1,1,2,2,4,4,3,,,,,,,,,,,,,,,,,,,,,,,,,
727,0,4,3,2,2,5,3,6,1,3,4,1,5,,,,,,,,,,,,,,,,,,,,,,,,,,,,,,
728,0,2,3,4,4,1,3,0,5,3,2,5,1,,,,,,,,,,,,,,,,,,,,,,,,,,,,,,
729,1,2,5,3,0,3,6,3,3,2,6,5,5,5,5,4,1,4,,,,,,,,,,,,,,,,,,,,,,,,,
730,1,4,1,3,6,3,0,3,3,4,0,1,1,1,1,2,5,2,,,,,,,,,,,,,,,,,,,,,,,,,
731,1,3,2,2,3,3,2,1,4,4,6,5,2,2,1,3,6,5,4,4,,,,,,,,,,,,,,,,,,,,,,,
732,1,3,4,4,3,3,4,5,2,2,0,1,4,4,5,3,0,1,2,2,,,,,,,,,,,,,,,,,,,,,,,
733,0,4,1,3,6,5,2,3,5,3,3,4,4,,,,,,,,,,,,,,,,,,,,,,,,,,,,,,
734,0,2,5,3,0,1,4,3,1,3,3,2,2,,,,,,,,,,,,,,,,,,,,,,,,,,,,,,
735,1,2,5,3,0,3,0,4,1,4,0,2,1,5,,,,,,,,,,,,,,,,,,,,,,,,,,,,,
736,1,4,1,3,6,3,6,2,5,2,6,4,5,1,,,,,,,,,,,,,,,,,,,,,,,,,,,,,
737,0,4,1,3,6,4,1,3,4,1,0,1,0,3,3,5,5,,,,,,,,,,,,,,,,,,,,,,,,,,
738,0,2,5,3,0,2,5,3,2,5,6,5,6,3,3,1,1,,,,,,,,,,,,,,,,,,,,,,,,,,
739,1,2,5,1,4,2,0,3,2,3,2,4,1,5,,,,,,,,,,,,,,,,,,,,,,,,,,,,,
740,1,4,1,5,2,4,6,3,4,3,4,2,5,1,,,,,,,,,,,,,,,,,,,,,,,,,,,,,
741,,,,,,,,,,,,,,,,,,,,,,,,,,,,,,,,,,,,,,,,,,,
