id,game_winner,turns
1,2,8
2,2,8
3,2,16
4,2,9
5,2,8
6,2,22
7,2,8
8,2,18
9,2,8
10,2,8
11,1,8
12,2,13
13,2,17
14,2,8
15,2,8
16,2,8
17,2,18
18,2,14
19,2,8
20,2,8
21,2,20
22,2,8
23,2,8
24,2,22
25,2,32
26,2,8
27,2,8
28,1,23
29,2,17
30,2,21
31,1,15
32,2,16
33,2,19
34,2,18
35,1,9
36,2,8
37,2,18
38,1,15
39,2,18
40,2,26
41,2,12
42,1,31
43,2,18
44,2,28
45,2,2
46,2,2
47,2,8
48,2,16
49,1,17
50,1,25
51,2,22
52,2,20
53,2,18
54,2,14
55,2,22
56,2,31
57,2,23
58,2,19
59,1,14
60,2,8
61,1,10
62,1,16
63,1,26
64,2,20
65,2,19
66,2,20
67,2,16
68,1,9
69,2,26
70,2,24
71,2,24
72,2,16
73,2,14
74,2,18
75,2,16
76,2,14
77,1,15
78,2,20
79,2,14
80,1,9
81,2,14
82,1,8
83,1,21
84,2,16
85,2,18
86,2,22
87,1,19
88,2,16
89,2,18
90,2,14
91,2,14
92,2,20
93,2,14
94,2,18
95,2,20
96,1,9
97,2,20
98,2,18
99,2,20
100,2,16
101,2,16
102,2,14
103,2,30
104,2,22
105,2,10
106,2,14
107,2,24
108,2,14
109,2,10
110,2,22
111,1,11
112,2,14
113,2,36
114,2,20
115,2,14
116,2,14
117,2,18
118,1,21
119,1,15
120,1,15
121,1,13
122,2,14
123,1,13
124,1,13
125,2,12
126,2,14
127,2,12
128,2,14
129,2,18
130,2,18
131,2,21
132,1,13
133,1,21
134,1,15
135,1,15
136,2,24
137,2,16
138,2,18
139,2,13
140,2,18
141,2,20
142,1,13
143,2,14
144,1,17
145,2,14
