id,winner,ai_turn_1,ai_turn_2,ai_turn_3,ai_turn_4,ai_turn_5,ai_turn_6,ai_turn_7,ai_turn_8,ai_turn_9,ai_turn_10,ai_turn_11,ai_turn_12,ai_turn_13,ai_turn_14,ai_turn_15,ai_turn_16,ai_turn_17,ai_turn_18,ai_turn_19,ai_turn_20,ai_turn_21,ai_turn_22,ai_turn_23,ai_turn_24,ai_turn_25,ai_turn_26,ai_turn_27,ai_turn_28,ai_turn_29,ai_turn_30,ai_turn_31,ai_turn_32,ai_turn_33,ai_turn_34,ai_turn_35,ai_turn_36,ai_turn_37,ai_turn_38,ai_turn_39,ai_turn_40,ai_turn_41,ai_turn_42
1,1,3,0,4,0,2,1,5,,,,,,,,,,,,,,,,,,,,,,,,,,,,,,,,,,,
2,1,3,6,2,6,4,5,1,,,,,,,,,,,,,,,,,,,,,,,,,,,,,,,,,,,
3,1,3,1,4,0,5,2,6,,,,,,,,,,,,,,,,,,,,,,,,,,,,,,,,,,,
4,1,3,5,2,6,1,4,0,,,,,,,,,,,,,,,,,,,,,,,,,,,,,,,,,,,
5,1,3,2,2,0,0,0,3,0,3,3,2,0,0,1,1,,,,,,,,,,,,,,,,,,,,,,,,,,,
6,1,3,4,4,6,6,6,3,6,3,3,4,6,6,5,5,,,,,,,,,,,,,,,,,,,,,,,,,,,
7,0,1,4,0,5,0,3,2,6,,,,,,,,,,,,,,,,,,,,,,,,,,,,,,,,,,
8,0,5,2,6,1,6,3,4,0,,,,,,,,,,,,,,,,,,,,,,,,,,,,,,,,,,
9,1,2,0,3,0,4,1,5,,,,,,,,,,,,,,,,,,,,,,,,,,,,,,,,,,,
10,1,4,6,3,6,2,5,1,,,,,,,,,,,,,,,,,,,,,,,,,,,,,,,,,,,
11,1,2,1,5,0,2,0,5,0,0,0,3,4,4,3,3,0,5,5,2,2,4,,,,,,,,,,,,,,,,,,,,,
12,1,4,5,1,6,4,6,1,6,6,6,3,2,2,3,3,6,1,1,4,4,2,,,,,,,,,,,,,,,,,,,,,
13,1,3,3,4,0,5,2,6,,,,,,,,,,,,,,,,,,,,,,,,,,,,,,,,,,,
14,1,3,3,2,6,1,4,0,,,,,,,,,,,,,,,,,,,,,,,,,,,,,,,,,,,
15,1,6,0,5,0,4,3,4,0,0,0,3,0,2,1,2,1,5,,,,,,,,,,,,,,,,,,,,,,,,,
16,1,0,6,1,6,2,3,2,6,6,6,3,6,4,5,4,5,1,,,,,,,,,,,,,,,,,,,,,,,,,
17,1,3,6,2,0,4,1,5,,,,,,,,,,,,,,,,,,,,,,,,,,,,,,,,,,,
18,1,3,0,4,6,2,5,1,,,,,,,,,,,,,,,,,,,,,,,,,,,,,,,,,,,
19,1,4,0,3,0,2,1,5,,,,,,,,,,,,,,,,,,,,,,,,,,,,,,,,,,,
20,1,2,6,3,6,4,5,1,,,,,,,,,,,,,,,,,,,,,,,,,,,,,,,,,,,
21,1,5,2,4,1,3,2,6,,,,,,,,,,,,,,,,,,,,,,,,,,,,,,,,,,,
22,1,1,4,2,5,3,4,0,,,,,,,,,,,,,,,,,,,,,,,,,,,,,,,,,,,
23,0,3,3,0,4,5,4,4,2,1,2,1,5,,,,,,,,,,,,,,,,,,,,,,,,,,,,,,
24,0,3,3,6,2,1,2,2,4,5,4,5,1,,,,,,,,,,,,,,,,,,,,,,,,,,,,,,
25,0,5,3,0,2,0,0,0,3,0,4,1,2,0,4,1,5,,,,,,,,,,,,,,,,,,,,,,,,,,
26,0,1,3,6,4,6,6,6,3,6,2,5,4,6,2,5,1,,,,,,,,,,,,,,,,,,,,,,,,,,
27,1,3,3,2,0,4,1,5,,,,,,,,,,,,,,,,,,,,,,,,,,,,,,,,,,,
28,1,3,3,4,6,2,5,1,,,,,,,,,,,,,,,,,,,,,,,,,,,,,,,,,,,
29,1,2,2,3,0,4,1,5,,,,,,,,,,,,,,,,,,,,,,,,,,,,,,,,,,,
30,1,4,4,3,6,2,5,1,,,,,,,,,,,,,,,,,,,,,,,,,,,,,,,,,,,
32,1,4,1,5,0,3,2,6,,,,,,,,,,,,,,,,,,,,,,,,,,,,,,,,,,,
33,1,2,5,1,6,3,4,0,,,,,,,,,,,,,,,,,,,,,,,,,,,,,,,,,,,
35,1,4,2,2,0,4,0,4,4,3,0,0,0,3,0,2,1,1,,,,,,,,,,,,,,,,,,,,,,,,,
36,1,2,4,4,6,2,6,2,2,3,6,6,6,3,6,4,5,5,,,,,,,,,,,,,,,,,,,,,,,,,
37,1,3,3,2,1,4,5,2,0,1,0,1,0,0,,,,,,,,,,,,,,,,,,,,,,,,,,,,,
38,1,3,3,4,5,2,1,4,6,5,6,5,6,6,,,,,,,,,,,,,,,,,,,,,,,,,,,,,
39,1,3,3,2,2,4,1,5,,,,,,,,,,,,,,,,,,,,,,,,,,,,,,,,,,,
40,1,3,3,4,4,2,5,1,,,,,,,,,,,,,,,,,,,,,,,,,,,,,,,,,,,
41,1,3,3,2,3,4,1,5,,,,,,,,,,,,,,,,,,,,,,,,,,,,,,,,,,,
42,1,3,3,4,3,2,5,1,,,,,,,,,,,,,,,,,,,,,,,,,,,,,,,,,,,
43,1,3,3,2,4,2,0,3,0,1,0,0,0,2,2,3,0,2,1,1,,,,,,,,,,,,,,,,,,,,,,,
44,1,3,3,4,2,4,6,3,6,5,6,6,6,4,4,3,6,4,5,5,,,,,,,,,,,,,,,,,,,,,,,
45,1,3,3,4,1,5,2,6,,,,,,,,,,,,,,,,,,,,,,,,,,,,,,,,,,,
46,1,3,3,2,5,1,4,0,,,,,,,,,,,,,,,,,,,,,,,,,,,,,,,,,,,
47,1,3,3,4,3,5,2,6,,,,,,,,,,,,,,,,,,,,,,,,,,,,,,,,,,,
48,1,3,3,2,3,1,4,0,,,,,,,,,,,,,,,,,,,,,,,,,,,,,,,,,,,
49,1,3,3,4,2,4,0,3,0,5,6,0,0,2,0,1,0,2,2,2,1,1,,,,,,,,,,,,,,,,,,,,,
50,1,3,3,2,4,2,6,3,6,1,0,6,6,4,6,5,6,4,4,4,5,5,,,,,,,,,,,,,,,,,,,,,
51,1,3,3,4,2,4,1,4,4,3,0,5,6,6,0,6,0,0,0,6,6,0,1,2,1,1,1,3,1,4,2,2,,,,,,,,,,,
52,1,3,3,2,4,2,5,2,2,3,6,1,0,0,6,0,6,6,6,0,0,6,5,4,5,5,5,3,5,2,4,4,,,,,,,,,,,
58,0,3,3,4,5,4,2,3,0,1,2,1,3,2,6,0,1,5,5,2,5,2,4,,,,,,,,,,,,,,,,,,,,
59,0,3,3,2,1,2,4,3,6,5,4,5,3,4,0,6,5,1,1,4,1,4,2,,,,,,,,,,,,,,,,,,,,
60,0,6,3,4,4,1,5,3,3,1,1,5,4,0,2,2,2,,,,,,,,,,,,,,,,,,,,,,,,,,
61,0,0,3,2,2,5,1,3,3,5,5,1,2,6,4,4,4,,,,,,,,,,,,,,,,,,,,,,,,,,
62,0,2,4,4,3,4,5,6,5,1,3,5,3,3,2,2,4,2,1,0,0,,,,,,,,,,,,,,,,,,,,,,
63,0,4,2,2,3,2,1,0,1,5,3,1,3,3,4,4,2,4,5,6,6,,,,,,,,,,,,,,,,,,,,,,
64,0,0,3,0,1,1,0,1,0,3,0,0,4,3,2,,,,,,,,,,,,,,,,,,,,,,,,,,,,
65,0,6,3,6,5,5,6,5,6,3,6,6,2,3,4,,,,,,,,,,,,,,,,,,,,,,,,,,,,
66,1,4,2,2,3,2,1,0,1,3,0,0,4,3,1,1,,,,,,,,,,,,,,,,,,,,,,,,,,,
67,1,2,4,4,3,4,5,6,5,3,6,6,2,3,5,5,,,,,,,,,,,,,,,,,,,,,,,,,,,
68,0,4,1,5,2,0,2,6,3,4,4,2,4,6,5,5,5,3,3,,,,,,,,,,,,,,,,,,,,,,,,
69,0,2,5,1,4,6,4,0,3,2,2,4,2,0,1,1,1,3,3,,,,,,,,,,,,,,,,,,,,,,,,
70,1,4,1,5,2,3,6,2,6,3,5,2,0,4,1,3,2,3,,,,,,,,,,,,,,,,,,,,,,,,,
71,1,2,5,1,4,3,0,4,0,3,1,4,6,2,5,3,4,3,,,,,,,,,,,,,,,,,,,,,,,,,
72,0,4,1,5,2,2,0,1,3,,,,,,,,,,,,,,,,,,,,,,,,,,,,,,,,,,
73,0,2,5,1,4,4,6,5,3,,,,,,,,,,,,,,,,,,,,,,,,,,,,,,,,,,
74,1,4,1,3,0,5,2,6,,,,,,,,,,,,,,,,,,,,,,,,,,,,,,,,,,,
75,1,2,5,3,6,1,4,0,,,,,,,,,,,,,,,,,,,,,,,,,,,,,,,,,,,
76,1,4,1,5,2,4,3,0,3,3,1,4,4,1,6,2,2,2,,,,,,,,,,,,,,,,,,,,,,,,,
77,1,2,5,1,4,2,3,6,3,3,5,2,2,5,0,4,4,4,,,,,,,,,,,,,,,,,,,,,,,,,
78,0,2,5,1,4,2,0,4,5,1,5,5,6,4,3,,,,,,,,,,,,,,,,,,,,,,,,,,,,
79,0,4,1,5,2,4,6,2,1,5,1,1,0,2,3,,,,,,,,,,,,,,,,,,,,,,,,,,,,
80,1,3,3,2,1,2,4,0,6,2,2,1,5,1,4,3,3,4,,,,,,,,,,,,,,,,,,,,,,,,,
81,1,3,3,4,5,4,2,6,0,4,4,5,1,5,2,3,3,2,,,,,,,,,,,,,,,,,,,,,,,,,
83,1,3,3,0,4,4,3,0,3,3,0,0,2,2,3,2,0,2,2,1,2,5,0,5,1,1,,,,,,,,,,,,,,,,,
84,1,3,3,6,2,2,3,6,3,3,6,6,4,4,3,4,6,4,4,5,4,1,6,1,5,5,,,,,,,,,,,,,,,,,
85,1,2,5,1,4,4,6,3,3,3,2,0,,,,,,,,,,,,,,,,,,,,,,,,,,,,,,,
86,1,4,1,5,2,2,0,3,3,3,4,6,,,,,,,,,,,,,,,,,,,,,,,,,,,,,,,
87,0,1,3,5,5,3,4,2,3,2,2,0,0,4,1,4,4,3,3,1,6,0,0,3,0,1,1,1,5,0,6,,,,,,,,,,,,
88,0,5,3,1,1,3,2,4,3,4,4,6,6,2,5,2,2,3,3,5,0,6,6,3,6,5,5,5,1,6,0,,,,,,,,,,,,
92,1,3,3,2,1,4,5,4,2,3,4,2,5,3,2,1,3,0,,,,,,,,,,,,,,,,,,,,,,,,,
93,1,3,3,4,5,2,1,2,4,3,2,4,1,3,4,5,3,6,,,,,,,,,,,,,,,,,,,,,,,,,
95,1,3,3,2,1,2,4,0,0,2,2,1,3,1,3,3,2,4,5,4,2,4,4,6,3,6,5,5,,,,,,,,,,,,,,,
96,1,3,3,4,5,4,2,6,6,4,4,5,3,5,3,3,4,2,1,2,4,2,2,0,3,0,1,1,,,,,,,,,,,,,,,
107,,,,,,,,,,,,,,,,,,,,,,,,,,,,,,,,,,,,,,,,,,,
